16 0.0387 0.0210 0.0021 0.0041
32 0.0850 0.0396 0.0040 0.0078
64 0.1761 0.0136 0.0014 0.0027
128 0.4199 0.1211 0.0121 0.0237
256 0.8938 0.1489 0.0149 0.0292
512 1.9155 0.2226 0.0223 0.0437
1024 4.1350 0.4424 0.0442 0.0866
2048 9.2740 0.8540 0.0854 0.1674
4096 26.0912 3.9554 0.3955 0.7752
8192 50.0776 7.5896 0.7590 1.4876
16384 103.9682 15.7929 1.5793 3.0954
32768 219.0208 28.3890 2.8389 5.5642
65536 485.1020 68.2330 6.8233 13.3737
131072 1039.4937 137.6356 13.7636 26.9767
262144 2297.8011 297.4241 29.7424 58.2951
