16 0.2898 0.4622 0.0462 0.0906
32 0.1092 0.0131 0.0013 0.0025
64 0.2449 0.0335 0.0034 0.0067
128 0.5455 0.1927 0.0193 0.0378
256 1.1724 0.0529 0.0053 0.0104
512 2.3636 0.6704 0.0670 0.1313
1024 4.3367 0.5152 0.0515 0.1009
2048 9.4107 1.1155 0.1115 0.2185
4096 20.4075 2.1586 0.2159 0.4232
8192 44.8940 3.4131 0.3413 0.6689
16384 95.8337 5.2694 0.5269 1.0327
32768 210.6606 20.1897 2.0190 3.9572
65536 454.4208 46.9323 4.6932 9.1987
131072 1012.7937 127.0521 12.7052 24.9022
262144 2254.5383 274.5106 27.4511 53.8042
